84
1
0 4
1.00000000 1.00000000 1.00000000 1.00000000
1 6
1.00000000 1.00000000 1.00000000 1.00000000 1.00000000 1.00000000
2 6
1.00000000 1.00000000 1.00000000 1.00000000 1.00000000 1.00000000
3 5
1.00000000 1.00000000 1.00000000 1.00000000 1.00000000
4 4
1.00000000 1.00000000 1.00000000 1.00000000
5 7
1.00000000 1.00000000 1.00000000 1.00000000 1.00000000 1.00000000 1.00000000
6 9
1.00000000 1.00000000 1.00000000 1.00000000 1.00000000 1.00000000 1.00000000 1.00000000 1.00000000
7 7
1.00000000 1.00000000 1.00000000 1.00000000 1.00000000 1.00000000 1.00000000
8 9
1.00000000 1.00000000 1.00000000 1.00000000 1.00000000 1.00000000 1.00000000 1.00000000 1.00000000
9 10
1.00000000 1.00000000 1.00000000 1.00000000 1.00000000 1.00000000 1.00000000 1.00000000 1.00000000 1.00000000
10 7
1.00000000 1.00000000 1.00000000 1.00000000 1.00000000 1.00000000 1.00000000
11 10
1.00000000 1.00000000 1.00000000 1.00000000 1.00000000 1.00000000 1.00000000 1.00000000 1.00000000 1.00000000
12 10
1.00000000 1.00000000 1.00000000 1.00000000 1.00000000 1.00000000 1.00000000 1.00000000 1.00000000 1.00000000
13 7
1.00000000 1.00000000 1.00000000 1.00000000 1.00000000 1.00000000 1.00000000
14 7
1.00000000 1.00000000 1.00000000 1.00000000 1.00000000 1.00000000 1.00000000
15 9
1.00000000 1.00000000 1.00000000 1.00000000 1.00000000 1.00000000 1.00000000 1.00000000 1.00000000
16 9
1.00000000 1.00000000 1.00000000 1.00000000 1.00000000 1.00000000 1.00000000 1.00000000 1.00000000
17 9
1.00000000 1.00000000 1.00000000 1.00000000 1.00000000 1.00000000 1.00000000 1.00000000 1.00000000
18 9
1.00000000 1.00000000 1.00000000 1.00000000 1.00000000 1.00000000 1.00000000 1.00000000 1.00000000
19 4
1.00000000 1.00000000 1.00000000 1.00000000
20 7
1.00000000 1.00000000 1.00000000 1.00000000 1.00000000 1.00000000 1.00000000
21 6
1.00000000 1.00000000 1.00000000 1.00000000 1.00000000 1.00000000
22 13
1.00000000 1.00000000 1.00000000 1.00000000 1.00000000 1.00000000 1.00000000 1.00000000 1.00000000 1.00000000 1.00000000 1.00000000 1.00000000
23 9
1.00000000 1.00000000 1.00000000 1.00000000 1.00000000 1.00000000 1.00000000 1.00000000 1.00000000
24 7
1.00000000 1.00000000 1.00000000 1.00000000 1.00000000 1.00000000 1.00000000
25 11
1.00000000 1.00000000 1.00000000 1.00000000 1.00000000 1.00000000 1.00000000 1.00000000 1.00000000 1.00000000 1.00000000
26 14
1.00000000 1.00000000 1.00000000 1.00000000 1.00000000 1.00000000 1.00000000 1.00000000 1.00000000 1.00000000 1.00000000 1.00000000 1.00000000 1.00000000
27 10
1.00000000 1.00000000 1.00000000 1.00000000 1.00000000 1.00000000 1.00000000 1.00000000 1.00000000 1.00000000
28 10
1.00000000 1.00000000 1.00000000 1.00000000 1.00000000 1.00000000 1.00000000 1.00000000 1.00000000 1.00000000
29 10
1.00000000 1.00000000 1.00000000 1.00000000 1.00000000 1.00000000 1.00000000 1.00000000 1.00000000 1.00000000
30 10
1.00000000 1.00000000 1.00000000 1.00000000 1.00000000 1.00000000 1.00000000 1.00000000 1.00000000 1.00000000
31 6
1.00000000 1.00000000 1.00000000 1.00000000 1.00000000 1.00000000
32 5
1.00000000 1.00000000 1.00000000 1.00000000 1.00000000
33 13
1.00000000 1.00000000 1.00000000 1.00000000 1.00000000 1.00000000 1.00000000 1.00000000 1.00000000 1.00000000 1.00000000 1.00000000 1.00000000
34 3
1.00000000 1.00000000 1.00000000
35 11
1.00000000 1.00000000 1.00000000 1.00000000 1.00000000 1.00000000 1.00000000 1.00000000 1.00000000 1.00000000 1.00000000
36 9
1.00000000 1.00000000 1.00000000 1.00000000 1.00000000 1.00000000 1.00000000 1.00000000 1.00000000
37 15
1.00000000 1.00000000 1.00000000 1.00000000 1.00000000 1.00000000 1.00000000 1.00000000 1.00000000 1.00000000 1.00000000 1.00000000 1.00000000 1.00000000 1.00000000
38 9
1.00000000 1.00000000 1.00000000 1.00000000 1.00000000 1.00000000 1.00000000 1.00000000 1.00000000
39 10
1.00000000 1.00000000 1.00000000 1.00000000 1.00000000 1.00000000 1.00000000 1.00000000 1.00000000 1.00000000
40 7
1.00000000 1.00000000 1.00000000 1.00000000 1.00000000 1.00000000 1.00000000
41 7
1.00000000 1.00000000 1.00000000 1.00000000 1.00000000 1.00000000 1.00000000
42 12
1.00000000 1.00000000 1.00000000 1.00000000 1.00000000 1.00000000 1.00000000 1.00000000 1.00000000 1.00000000 1.00000000 1.00000000
43 8
1.00000000 1.00000000 1.00000000 1.00000000 1.00000000 1.00000000 1.00000000 1.00000000
44 16
1.00000000 1.00000000 1.00000000 1.00000000 1.00000000 1.00000000 1.00000000 1.00000000 1.00000000 1.00000000 1.00000000 1.00000000 1.00000000 1.00000000 1.00000000 1.00000000
45 10
1.00000000 1.00000000 1.00000000 1.00000000 1.00000000 1.00000000 1.00000000 1.00000000 1.00000000 1.00000000
46 11
1.00000000 1.00000000 1.00000000 1.00000000 1.00000000 1.00000000 1.00000000 1.00000000 1.00000000 1.00000000 1.00000000
47 9
1.00000000 1.00000000 1.00000000 1.00000000 1.00000000 1.00000000 1.00000000 1.00000000 1.00000000
48 8
1.00000000 1.00000000 1.00000000 1.00000000 1.00000000 1.00000000 1.00000000 1.00000000
49 4
1.00000000 1.00000000 1.00000000 1.00000000
50 6
1.00000000 1.00000000 1.00000000 1.00000000 1.00000000 1.00000000
51 6
1.00000000 1.00000000 1.00000000 1.00000000 1.00000000 1.00000000
52 5
1.00000000 1.00000000 1.00000000 1.00000000 1.00000000
53 5
1.00000000 1.00000000 1.00000000 1.00000000 1.00000000
54 7
1.00000000 1.00000000 1.00000000 1.00000000 1.00000000 1.00000000 1.00000000
55 9
1.00000000 1.00000000 1.00000000 1.00000000 1.00000000 1.00000000 1.00000000 1.00000000 1.00000000
56 8
1.00000000 1.00000000 1.00000000 1.00000000 1.00000000 1.00000000 1.00000000 1.00000000
57 10
1.00000000 1.00000000 1.00000000 1.00000000 1.00000000 1.00000000 1.00000000 1.00000000 1.00000000 1.00000000
58 9
1.00000000 1.00000000 1.00000000 1.00000000 1.00000000 1.00000000 1.00000000 1.00000000 1.00000000
59 8
1.00000000 1.00000000 1.00000000 1.00000000 1.00000000 1.00000000 1.00000000 1.00000000
60 8
1.00000000 1.00000000 1.00000000 1.00000000 1.00000000 1.00000000 1.00000000 1.00000000
61 13
1.00000000 1.00000000 1.00000000 1.00000000 1.00000000 1.00000000 1.00000000 1.00000000 1.00000000 1.00000000 1.00000000 1.00000000 1.00000000
62 8
1.00000000 1.00000000 1.00000000 1.00000000 1.00000000 1.00000000 1.00000000 1.00000000
63 7
1.00000000 1.00000000 1.00000000 1.00000000 1.00000000 1.00000000 1.00000000
64 10
1.00000000 1.00000000 1.00000000 1.00000000 1.00000000 1.00000000 1.00000000 1.00000000 1.00000000 1.00000000
65 10
1.00000000 1.00000000 1.00000000 1.00000000 1.00000000 1.00000000 1.00000000 1.00000000 1.00000000 1.00000000
66 7
1.00000000 1.00000000 1.00000000 1.00000000 1.00000000 1.00000000 1.00000000
67 10
1.00000000 1.00000000 1.00000000 1.00000000 1.00000000 1.00000000 1.00000000 1.00000000 1.00000000 1.00000000
68 4
1.00000000 1.00000000 1.00000000 1.00000000
69 7
1.00000000 1.00000000 1.00000000 1.00000000 1.00000000 1.00000000 1.00000000
70 5
1.00000000 1.00000000 1.00000000 1.00000000 1.00000000
71 15
1.00000000 1.00000000 1.00000000 1.00000000 1.00000000 1.00000000 1.00000000 1.00000000 1.00000000 1.00000000 1.00000000 1.00000000 1.00000000 1.00000000 1.00000000
72 10
1.00000000 1.00000000 1.00000000 1.00000000 1.00000000 1.00000000 1.00000000 1.00000000 1.00000000 1.00000000
73 7
1.00000000 1.00000000 1.00000000 1.00000000 1.00000000 1.00000000 1.00000000
74 12
1.00000000 1.00000000 1.00000000 1.00000000 1.00000000 1.00000000 1.00000000 1.00000000 1.00000000 1.00000000 1.00000000 1.00000000
75 14
1.00000000 1.00000000 1.00000000 1.00000000 1.00000000 1.00000000 1.00000000 1.00000000 1.00000000 1.00000000 1.00000000 1.00000000 1.00000000 1.00000000
76 11
1.00000000 1.00000000 1.00000000 1.00000000 1.00000000 1.00000000 1.00000000 1.00000000 1.00000000 1.00000000 1.00000000
77 9
1.00000000 1.00000000 1.00000000 1.00000000 1.00000000 1.00000000 1.00000000 1.00000000 1.00000000
78 10
1.00000000 1.00000000 1.00000000 1.00000000 1.00000000 1.00000000 1.00000000 1.00000000 1.00000000 1.00000000
79 9
1.00000000 1.00000000 1.00000000 1.00000000 1.00000000 1.00000000 1.00000000 1.00000000 1.00000000
80 5
1.00000000 1.00000000 1.00000000 1.00000000 1.00000000
81 5
1.00000000 1.00000000 1.00000000 1.00000000 1.00000000
82 13
1.00000000 1.00000000 1.00000000 1.00000000 1.00000000 1.00000000 1.00000000 1.00000000 1.00000000 1.00000000 1.00000000 1.00000000 1.00000000
83 4
1.00000000 1.00000000 1.00000000 1.00000000
