84
0 4
0.08963395 0.16299706 0.11026839 0.11098529
1 6
0.01412355 0.04117270 0.02285452 0.02376112 0.21635998 0.01697128
2 6
0.09767024 0.20650672 0.46585371 0.33672214 0.32359333 0.08756744
3 5
0.21131841 0.18649313 0.87198445 0.08257296 0.37540193
4 4
0.00751530 0.01501813 0.03124179 0.00711351
5 7
0.10681311 0.16152297 0.52881417 0.28867525 0.03790528 0.08313315 0.06538233
6 9
0.08963395 0.10681311 0.14130364 0.44300849 0.19683529 0.70422072 0.06201884 0.32585282 0.05957821
7 7
0.16152297 0.14130364 0.10650684 0.01898657 0.25162813 0.01700725 0.06095356
8 9
0.03944653 0.03058752 0.05754055 0.02371655 0.05413964 0.27902938 0.05730438 0.08239326 0.01373498
9 10
0.21131841 0.52881417 0.44300849 0.10650684 0.27132271 0.07690001 0.20813248 0.31116610 0.06968494 0.06473351
10 7
0.01596559 0.07617999 0.03911364 0.02876817 0.03988503 0.02686163 0.07789206
11 10
0.18649313 0.28867525 0.05754055 0.27132271 0.01674415 0.28666227 0.06838148 0.10103991 0.05593641 0.02808853
12 10
0.01412355 0.01596559 0.08375508 0.06463831 0.02104446 0.00910930 0.01126919 0.00637391 0.01971260 0.00681214
13 7
0.16299706 0.19683529 0.25162813 0.07690001 0.03854290 0.13842914 0.12538414
14 7
0.01501813 0.03790528 0.02371655 0.01674415 0.02088890 0.01859356 0.07589196
15 9
0.06867202 0.10297228 0.10139036 0.04619597 0.08307729 0.02280180 0.02647834 0.02552786 0.03303817
16 9
0.20650672 0.17802311 0.17989048 0.11538181 0.12455145 0.03328583 0.06540199 0.03728284 0.03820964
17 9
0.07617999 0.00760631 0.08051993 0.04654828 0.01024802 0.00655035 0.01160557 0.02849358 0.05224868
18 9
0.03911364 0.17802311 0.08051993 0.15525028 0.04132300 0.04839667 0.02642813 0.01379089 0.07189983
19 4
0.87198445 0.20813248 0.28666227 0.21389136
20 7
0.06867202 0.84339797 0.19762793 0.24586368 0.10906177 0.10897037 0.20785395
21 6
0.04117270 0.05413964 0.10297228 0.14321853 0.00477225 0.08069458
22 13
0.46585371 0.10139036 0.17989048 0.84339797 0.35793177 0.11704781 0.10727239 0.08551524 0.28886154 0.08017621 0.30958345 0.18946527 0.09461141
23 9
0.08257296 0.27902938 0.04619597 0.14321853 0.09659418 0.29578935 0.03470099 0.04484639 0.03438347
24 7
0.02376112 0.08375508 0.00477225 0.10577533 0.00681561 0.00638083 0.00734285
25 11
0.33672214 0.02876817 0.11538181 0.04654828 0.15525028 0.35341596 0.06626297 0.04919110 0.13829565 0.09291558 0.12503003
26 14
0.21635998 0.32359333 0.08307729 0.12455145 0.08069458 0.35793177 0.09659418 0.10577533 0.35341596 0.32011915 0.07513133 0.33405375 0.07845588 0.33533546
27 10
0.37540193 0.70422072 0.31116610 0.21389136 0.19762793 0.11704781 0.29578935 0.35971948 0.12296191 0.14387914
28 10
0.11026839 0.06201884 0.06762459 0.13842914 0.01972782 0.11910444 0.08427366 0.11569128 0.06642663 0.04197788
29 10
0.11098529 0.32585282 0.12538414 0.03328583 0.24586368 0.10727239 0.35971948 0.08427366 0.04354825 0.02750100
30 10
0.00280271 0.02104446 0.00822465 0.06577498 0.00381806 0.00416991 0.00486324 0.00510211 0.00540890 0.00301922
31 6
0.01103960 0.00585963 0.03502853 0.00992494 0.01527523 0.05747629
32 5
0.02502957 0.11569128 0.01468332 0.04441504 0.02046012
33 13
0.03988503 0.06540199 0.04839667 0.10906177 0.08551524 0.01936134 0.02833210 0.03591236 0.06642663 0.04354825 0.03502853 0.04441504 0.12096911
34 3
0.20837389 0.05294033 0.77475822
35 11
0.10897037 0.28886154 0.03470099 0.06626297 0.32011915 0.12296191 0.20837389 0.25770523 0.14005422 0.20372784 0.05069596
36 9
0.02686163 0.02849358 0.01379089 0.08017621 0.04919110 0.07513133 0.25770523 0.05460344 0.02238995
37 15
0.05957821 0.06473351 0.07789206 0.05224868 0.07189983 0.20785395 0.30958345 0.13829565 0.33405375 0.14387914 0.04197788 0.02750100 0.12096911 0.14005422 0.05460344
38 9
0.06073565 0.16319931 0.03055767 0.03940753 0.05670237 0.05361763 0.01844028 0.10530466 0.02356383
39 10
0.03124179 0.06538233 0.01604148 0.02808853 0.07589196 0.00748651 0.01674470 0.20372784 0.02696453 0.03336611
40 7
0.00711351 0.02138809 0.05747629 0.04467515 0.00590930 0.02082415 0.03336611
41 7
0.00452699 0.00225263 0.00637391 0.00681561 0.00071809 0.00247311 0.00094491
42 12
0.04205069 0.37877293 0.11410643 0.05834066 0.21929626 0.07073978 0.23843980 0.06114034 0.08239187 0.32664151 0.10699473 0.20983863
43 8
0.01195466 0.37877293 0.03715036 0.03560822 0.01246024 0.04609929 0.07989666 0.07553042
44 16
0.11410643 0.03715036 0.11703783 0.07073020 0.08293653 0.12951618 0.05343001 0.05544100 0.16266120 0.28544308 0.15875306 0.26016784 0.13020750 0.05504136 0.04845398 0.07816841
45 10
0.01164675 0.05834066 0.02052238 0.11703783 0.02325380 0.03334779 0.13103838 0.03169433 0.01947435 0.03422925
46 11
0.21929626 0.03882652 0.03226422 0.04604776 0.05101214 0.02762135 0.03346242 0.06688283 0.12481837 0.02765582 0.03242157
47 9
0.02840146 0.01847155 0.01082500 0.03226422 0.01633836 0.02590931 0.03042384 0.05430506 0.01053936
48 8
0.00088939 0.00098335 0.00193555 0.00525691 0.00457485 0.02981480 0.00877684 0.01187797
49 4
0.14079945 0.10649611 0.13699613 0.08236689
50 6
0.05513605 0.03375800 0.03033688 0.02140984 0.05062538 0.26059360
51 6
0.06696912 0.07255338 0.18024694 0.39159953 0.34862048 0.35161908
52 5
0.19820708 0.10678546 0.86784726 0.08344805 0.37847680
53 5
0.04604776 0.01633836 0.00507422 0.01241433 0.00813958
54 7
0.05101214 0.06824318 0.17415278 0.26885100 0.19668583 0.03525125 0.08182219
55 9
0.07073020 0.14079945 0.18647271 0.29424154 0.50879439 0.09991556 0.72182951 0.09781632 0.41167375
56 8
0.03315768 0.02762135 0.17415278 0.18647271 0.06578483 0.01754790 0.27125853 0.02760080
57 10
0.02336220 0.01201322 0.03375800 0.01425094 0.02096121 0.02156975 0.09677627 0.34399616 0.05357962 0.06274936
58 9
0.08293653 0.19820708 0.26885100 0.29424154 0.06578483 0.37246213 0.07488051 0.25795116 0.66343578
59 8
0.03012319 0.12951618 0.03701838 0.04307635 0.03253751 0.03673006 0.03461637 0.08498943
60 8
0.06719702 0.06688283 0.10678546 0.19668583 0.37246213 0.57582105 0.10130747 0.10624635
61 13
0.01325937 0.01971260 0.00638083 0.01103748 0.00920546 0.00486324 0.01332537 0.02968695 0.00877684 0.03701838 0.06788564 0.03331973 0.01596102
62 8
0.04705574 0.10649611 0.50879439 0.27125853 0.07488051 0.03620094 0.14703203 0.07794306
63 7
0.12481837 0.01241433 0.03525125 0.01559519 0.03116894 0.03658154 0.01322472
64 10
0.02552786 0.08375892 0.01374841 0.08519385 0.18606083 0.08620765 0.10556367 0.11040631 0.07582212 0.03700402
65 10
0.01540908 0.02837091 0.18024694 0.02428523 0.14815037 0.17408358 0.10646932 0.08284123 0.02904306 0.02910595
66 7
0.00640243 0.03560822 0.05343001 0.04307635 0.07815336 0.05042446 0.00770580
67 10
0.00670734 0.01246024 0.05544100 0.14815037 0.07815336 0.02328605 0.19972167 0.04232034 0.03095403 0.04107005
68 4
0.86784726 0.25795116 0.57582105 0.19725583
69 7
0.07073978 0.16266120 0.18606083 0.76745654 0.20162732 0.27534418 0.08597454
70 5
0.03033688 0.09677627 0.08620765 0.15397234 0.04695475
71 15
0.18946527 0.06670546 0.23843980 0.04609929 0.28544308 0.13103838 0.39159953 0.09991556 0.10556367 0.17408358 0.76745654 0.38309383 0.08667204 0.10138397 0.07124187
72 10
0.04484639 0.06648619 0.06114034 0.08344805 0.34399616 0.10130747 0.11040631 0.15397234 0.08606904 0.53959454
73 7
0.00385247 0.00702862 0.01187797 0.05062538 0.06788564 0.00514259 0.05609188
74 12
0.09291558 0.07845588 0.08239187 0.07989666 0.15875306 0.34862048 0.03673006 0.10646932 0.05042446 0.19972167 0.05024464 0.22006208
75 14
0.12503003 0.33533546 0.32664151 0.07553042 0.26016784 0.26059360 0.35161908 0.07582212 0.08284123 0.04695475 0.38309383 0.08606904 0.05609188 0.22006208
76 11
0.10699473 0.13020750 0.37847680 0.72182951 0.66343578 0.19725583 0.20162732 0.08667204 0.53959454 0.08795177 0.31010544
77 9
0.05504136 0.13699613 0.09781632 0.05788777 0.14703203 0.08795177 0.08670336 0.09989555 0.08254600
78 10
0.04845398 0.08236689 0.41167375 0.07794306 0.02904306 0.27534418 0.10138397 0.31010544 0.08670336 0.06047527
79 9
0.00692460 0.00990313 0.01012797 0.01509868 0.02631236 0.02172266 0.01596102 0.01293494 0.02296557
80 5
0.00610331 0.00286277 0.05430506 0.00823258 0.02905320
81 5
0.01972674 0.01606599 0.09989555 0.03590961 0.03906791
82 13
0.07816841 0.01369819 0.08498943 0.02910595 0.04107005 0.08597454 0.07124187 0.01100798 0.02814443 0.08254600 0.06047527 0.02905320 0.03906791
83 4
0.77475822 0.05069596 0.20983863 0.03422925
