84
0 4
6 13 28 29
1 6
12 21 23 24 26 75
2 6
6 16 22 25 26 75
3 5
9 11 19 23 27
4 4
5 14 39 40
5 7
6 7 9 11 14 27 39
6 9
0 5 7 9 13 27 28 29 37
7 7
5 6 9 11 13 27 29
8 9
3 9 11 14 21 23 26 27 72
9 10
3 5 6 7 11 13 19 27 35 37
10 7
12 17 18 25 33 36 37
11 10
3 5 8 9 14 19 23 27 37 39
12 10
1 10 24 26 30 36 37 41 61 75
13 7
0 6 7 9 16 28 29
14 7
4 5 8 11 23 27 39
15 9
20 21 22 23 26 27 35 64 71
16 9
2 18 22 25 26 29 33 37 75
17 9
10 16 18 25 26 33 35 36 37
18 9
10 16 17 25 26 33 35 36 37
19 4
3 9 11 27
20 7
15 22 27 29 33 35 37
21 6
1 8 15 23 24 26
22 13
2 15 16 20 26 27 29 33 35 36 37 71 75
23 9
3 8 15 21 26 27 35 72 76
24 7
1 12 21 26 41 61 75
25 11
2 10 16 17 18 26 35 36 37 74 75
26 14
1 2 15 16 21 22 23 24 25 35 36 37 74 75
27 10
3 6 9 19 20 22 23 29 35 37
28 10
0 6 9 13 16 27 29 32 33 37
29 10
0 6 13 16 20 22 27 28 33 37
30 10
10 12 25 26 36 37 61 74 75 79
31 6
5 28 33 37 39 40
32 5
27 28 29 33 37
33 13
10 16 18 20 22 25 26 27 28 29 31 32 37
34 3
35 42 83
35 11
20 22 23 25 26 27 34 36 37 39 83
36 9
10 17 18 22 25 26 35 37 75
37 15
6 9 10 17 18 20 22 25 26 27 28 29 33 35 36
38 9
20 22 26 27 34 35 36 37 83
39 10
4 5 9 11 14 23 27 35 37 40
40 7
4 5 31 35 37 38 39
41 7
1 10 12 24 36 37 48
42 12
26 43 44 45 46 69 71 72 74 75 76 83
43 8
26 42 44 66 67 71 74 75
44 16
42 43 45 55 58 59 66 67 69 71 74 75 76 77 78 82
45 10
34 42 43 44 46 69 71 75 76 83
46 11
42 44 47 53 54 56 58 60 63 72 76
47 9
42 44 45 46 53 54 56 80 82
48 8
12 42 43 44 50 59 61 73
49 4
55 62 77 78
50 6
26 57 70 72 73 75
51 6
26 55 65 71 74 75
52 5
58 60 68 72 76
53 5
46 47 54 63 82
54 7
46 55 56 58 60 63 76
55 9
44 49 56 58 62 71 76 77 78
56 8
44 46 54 55 58 60 62 76
57 10
23 46 50 52 58 60 70 72 75 76
58 9
44 52 54 55 56 60 62 68 76
59 8
43 44 61 66 67 74 77 82
60 8
44 46 52 54 58 68 72 76
61 13
10 12 24 25 26 30 43 44 48 59 73 75 79
62 8
44 49 55 56 58 76 77 78
63 7
46 53 54 57 60 72 76
64 10
15 22 26 42 69 70 71 72 75 76
65 10
26 44 51 55 67 71 74 75 78 82
66 7
42 43 44 59 67 74 82
67 10
42 43 44 65 66 71 74 75 78 82
68 4
52 58 60 76
69 7
42 44 64 71 76 78 82
70 5
50 57 64 72 75
71 15
22 26 42 43 44 45 51 55 64 65 69 75 76 78 82
72 10
23 27 42 52 57 60 64 70 75 76
73 7
12 26 48 50 61 70 75
74 12
25 26 42 43 44 51 59 65 66 67 71 75
75 14
25 26 42 43 44 50 51 64 65 70 71 72 73 74
76 11
42 44 52 55 58 68 69 71 72 77 78
77 9
44 49 55 58 62 76 78 81 82
78 10
44 49 55 62 65 69 71 76 77 82
79 9
12 25 26 43 44 59 61 74 75
80 5
44 46 47 59 82
81 5
44 76 77 78 82
82 13
44 55 59 65 67 69 71 75 76 77 78 80 81
83 4
34 35 42 45
